down -0.1981 -0.70847 0.85857 -0.48108 0.51562 -0.28924 -0.64311 -0.41966 -0.68718 -0.12307 -0.44594 -0.35226 -0.84826 0.12962 0.20005 0.48916 -0.20257 -0.53341 -0.96196 -0.67681 0.69808 0.50599 0.24012 -0.72813 0.11396 -1.8256 0.8098 0.65007 0.73111 -0.50325 3.5865 0.30906 -0.14279 0.6753 -0.074059 -0.45274 -0.28001 -0.20383 0.61044 -0.24875 -0.47409 0.25916 0.41522 0.15245 0.093191 -0.091906 0.40082 -0.90268 0.30191 -0.89862
off 0.45341 -0.71044 0.25826 -0.015757 0.14649 0.031418 -1.0812 0.31886 0.055295 -0.12677 -0.45668 0.030006 -0.81975 0.55073 0.15524 -0.018467 0.074422 -0.56719 -1.5538 -0.60283 0.16099 0.45487 0.17386 -0.24204 0.38416 -1.9726 1.013 0.80808 0.88332 -0.9352 3.5564 0.5633 0.036648 0.94056 0.045721 0.013343 -0.27625 0.14873 0.37149 -0.15766 -0.33456 0.71518 0.24446 0.087958 -0.11456 0.13934 0.33379 -0.84455 0.24269 -0.66447
end -0.04116 0.22243 -0.11458 -0.33628 0.038872 -0.066803 -0.58309 -0.19971 -0.51087 -0.29037 -0.49177 -0.13533 -1.0737 -0.4156 0.81837 0.47902 0.078869 -0.60318 -0.5732 0.065613 0.21122 -0.20912 -0.27305 -0.21332 -0.077237 -1.4695 0.46413 0.1222 0.80235 0.25796 3.7452 0.14293 -0.51556 0.34662 0.12782 -0.21896 0.15115 -0.2969 -0.37945 -0.41931 -0.74006 -0.10499 -0.31756 -0.23893 -0.40606 0.24247 0.55832 -0.1801 -0.37332 -0.18039
get 0.1591 -0.21428 0.63099 -0.5995 0.31248 -0.16615 -0.90548 0.45115 0.051568 0.2591 -0.32882 0.48155 -0.34982 0.12905 1.0758 0.4869 0.5342 0.059762 0.2166 -1.1059 -0.25591 0.57462 0.54562 0.31043 0.37765 -2.0337 -0.22496 0.18447 0.82587 -1.1991 3.6042 1.1605 -0.59787 0.13 0.15678 0.13166 0.1851 0.36308 0.57538 -0.89593 -0.36366 0.28397 0.048614 0.7878 -0.087311 -0.23394 -0.14237 0.021215 -0.14219 0.66955
power 0.045752 0.061422 1.1936 0.38875 -0.16884 0.36553 0.51774 0.047422 -0.42848 0.69177 0.31957 0.28587 -0.45329 0.1207 -0.69699 0.57517 0.20169 0.74569 -0.027183 -0.61737 0.26269 -0.39027 -0.37649 -0.69831 -0.05726 -1.9656 0.095767 -0.52099 0.87712 0.88263 3.54 0.39965 -0.74971 -0.49914 -0.019178 0.2373 -0.4485 0.040627 -0.020372 0.18229 -0.24345 0.45404 -0.62969 0.13692 -1.0847 0.79392 -0.73323 -0.45858 -0.30716 -0.73481
service 0.13409 0.68926 0.45086 0.052204 -0.30604 -0.5801 -1.128 -0.030769 1.0378 -1.3936 0.18124 0.38504 0.27184 -0.1356 -0.19343 -0.40629 -1.5941 0.33679 -0.035998 -0.10354 1.0248 -0.036901 -0.58559 0.51458 -0.1289 -1.6363 0.042835 -0.71684 0.23651 0.34811 3.5559 0.38361 0.087215 -0.49308 -0.24096 0.24726 0.59281 -0.37768 -0.23602 0.2935 0.93289 -0.24058 0.24401 0.23104 -0.62022 -0.16006 -0.40435 0.29695 -0.006097 0.94897
show -0.034772 0.64145 -0.37352 0.20804 0.20488 0.10238 -0.90995 -0.57641 0.01479 0.45589 -0.15513 -0.18886 -0.44949 0.39482 1.1552 0.15602 -0.071006 0.056749 -0.66921 -0.43072 0.78598 0.67878 0.54741 0.23433 0.18783 -1.1221 -1.3257 0.45237 0.069194 -0.47916 3.0153 0.8077 0.097056 -1.065 -0.49647 0.051322 0.38649 -0.25782 -0.76952 -0.70461 -0.15052 0.36085 -0.97656 -0.58116 0.081565 -0.41565 -0.16104 -0.23396 -0.28784 0.98359
run -0.39488 -0.16448 0.5962 0.65815 -0.16846 -0.15133 -1.4758 0.30485 0.21424 0.14186 -0.61187 -0.30795 -0.95699 0.5091 0.044055 -0.45553 0.2935 -0.13392 -0.5435 0.15159 0.029202 -0.18742 -0.063712 0.13006 0.21263 -1.6852 0.49537 -0.3251 0.58808 -0.41512 3.3893 0.48489 -0.30358 0.64958 -0.12071 0.02473 0.041069 0.68037 0.11627 0.19554 -0.49145 -0.051832 -0.73035 0.58392 -0.48736 0.064017 -0.41403 -0.25202 0.18886 0.010374
open -0.062761 0.81904 -0.067769 1.0728 -0.48884 -0.53659 -0.39512 0.29684 -0.24994 -0.64616 -0.38994 -1.0181 -0.74659 0.5638 0.62756 0.84303 0.1374 -0.54534 -0.16795 -0.43048 0.18814 0.16537 -0.1674 0.59948 -0.16904 -1.1376 0.36256 0.19763 0.010075 -0.3838 3.5756 0.045535 -0.52057 0.32947 -0.36942 -0.37348 0.31756 0.81132 -0.044679 -0.79792 0.22949 -0.73993 0.90041 0.46883 0.4512 0.6644 0.24931 -0.88062 -0.042584 -0.21827
program 0.1212 0.56395 0.18111 -0.3975 -0.75106 0.073103 -1.0274 -0.98912 1.2778 0.17385 0.15657 0.053953 0.13251 0.457 0.38519 -0.24161 -0.071515 1.0867 0.3162 0.65149 0.61019 0.087602 -0.44155 -0.11931 -0.14353 -1.7147 0.33433 -0.50214 -0.39569 -0.14515 3.5247 0.17595 -1.0814 -0.97564 -0.34277 0.53825 0.3568 0.19635 0.026791 -0.68356 -0.2875 -0.57315 -0.092064 -0.11235 -0.28374 -0.34423 0.52503 1.2107 -0.61298 1.3741
close 0.39621 0.15996 0.46712 0.18459 1.1826 -0.29844 -0.44587 0.13879 -0.79038 -0.21838 -0.33809 -0.68331 -0.37921 -0.11752 0.042039 0.48018 -0.012653 -0.45736 -0.77084 -0.047438 0.31252 0.5868 0.11256 -0.25544 0.13935 -1.3885 0.66674 0.28422 0.14652 0.21721 3.2838 -0.064245 0.087545 0.059236 0.18729 -0.7151 -0.45676 0.42607 -0.075389 -0.21992 -0.12417 0.12843 0.33174 0.089882 -0.15063 -0.08294 -0.066774 -0.19275 0.24453 -0.28937
record -1.6398 0.61054 0.71696 0.57066 -0.15109 -0.10297 -1.1412 -0.068267 0.48736 0.893 -0.24134 -0.6817 -0.75418 -0.10057 1.2959 -0.72442 0.041722 -0.93355 -1.2367 -0.14492 -0.050196 -0.036325 0.27666 -0.92322 0.29028 -0.94965 -0.33049 -0.63168 0.089286 0.13996 3.1128 0.10487 0.66025 0.28615 0.018298 -0.45735 0.39866 0.64857 -0.28788 -1.078 -0.48762 -0.61415 0.28252 0.263 -0.59686 0.28728 0.022477 0.12778 -0.16475 -0.3638
information 0.63591 0.28142 1.103 0.90695 0.58408 -0.66616 -0.58817 -0.55119 1.0063 -0.22333 -0.021339 0.59643 0.020229 -0.33389 0.27095 0.099159 -0.62187 -0.62834 0.87429 -0.15716 0.97701 0.36715 0.65559 0.15535 0.22763 -1.4113 -0.65703 -0.72715 0.25938 -0.23776 3.3925 -0.58473 -0.34668 -1.7489 -0.015439 0.50899 -0.25659 0.069998 0.086402 0.395 1.0702 0.088681 0.54121 0.53468 0.09773 -0.25598 -0.15555 1.5154 0.81081 0.11142
start 0.077252 -0.19066 -0.13526 -0.17215 -0.15956 -0.48406 -1.142 0.46218 -0.19232 0.081236 -0.32315 -0.2377 -1.1761 0.24611 1.0217 0.0057534 0.11035 -0.45541 -0.65365 -0.34905 0.30467 -0.068527 0.10247 0.040885 0.30685 -1.1224 0.57875 -0.16792 0.84791 -0.2942 3.6048 1.0393 -0.68009 0.15662 0.085625 -0.011575 0.14908 0.66991 -0.13155 -0.2162 -0.75851 -0.55175 -0.34866 -0.010021 0.21793 0.35662 0.56263 0.19285 -0.2547 0.17717
services 0.64004 0.27029 0.26208 0.15573 -0.31636 -0.085634 -1.1548 -0.51424 1.2036 -0.83512 0.48004 0.40719 0.056176 -0.41852 -0.7217 0.14392 -1.1009 0.26455 0.6003 -0.013637 1.6695 0.12136 -0.77214 0.49072 -0.60833 -1.0132 0.49926 -1.015 -0.14751 0.41612 3.7691 0.76037 0.42838 -0.63489 -0.054498 0.14418 0.094942 -0.11031 0.33915 0.54325 0.6401 -0.31586 0.049959 0.43183 -0.19109 -0.19309 -0.60553 0.4603 0.3726 0.87739
process 0.68525 -0.47829 -0.55225 0.024169 0.0029638 0.67548 0.15225 0.18152 0.65191 0.4242 0.14589 -0.16702 -0.5893 0.37439 0.25109 0.34084 0.58726 -0.40817 1.1789 -0.69625 0.90883 -0.094169 0.16631 -0.37207 0.39692 -0.85462 0.10122 -0.19532 0.54515 0.47161 3.7108 -0.72146 -1.6717 -0.90013 -0.16224 -0.047358 0.048583 0.74427 0.19788 0.057165 -0.45093 -0.76164 -0.55902 -0.18532 -0.22089 -0.075002 0.59967 0.73447 -0.093923 -0.0075732
index -1.9409 -0.61217 0.68502 0.48418 1.6231 -1.5288 0.27655 -2.1091 -0.17909 0.76367 0.71182 -1.0581 -0.50535 -0.31684 -0.091379 0.53224 -1.2349 -1.6658 -1.01 -0.13809 1.4789 -0.31234 -0.060151 -0.59057 -0.66634 -0.27444 -0.27491 -0.34685 -0.30161 0.30946 3.3212 -0.32398 1.1586 0.10702 0.0011786 -1.6314 -0.74058 -0.42707 1.1665 -0.15704 -0.43603 -0.75687 1.1331 0.50686 0.013765 -0.22531 1.4782 0.017909 1.6242 -0.65187
job -0.20343 -0.045235 0.23346 -0.59289 0.49678 -0.18233 -1.113 0.32915 -0.083461 -0.46827 -0.2608 0.062637 -0.69844 -0.059388 0.96493 -0.27605 0.041796 0.44355 0.39495 -0.7385 0.20983 0.29984 -0.52718 -0.13907 0.20699 -1.6566 -0.15556 -0.089032 0.53444 0.34896 3.1243 0.7747 -0.038041 -0.63928 0.0061523 0.51253 -0.14199 0.76461 0.68417 -0.84998 -0.56657 0.039032 -0.40812 0.34442 -0.27174 -0.54446 0.055983 0.78093 0.0046384 1.3011
list -0.13744 0.64878 0.36947 0.19996 0.33443 0.15545 -1.0111 -0.29704 0.4118 -0.4646 -0.48516 0.23458 -0.048356 0.61609 0.90492 -0.51188 -0.027241 -0.86029 0.129 -0.051463 -0.16688 -0.98151 0.80419 0.71669 -0.76432 -0.86984 -1.0519 -0.60237 -0.83603 -0.28101 3.0425 -0.0062409 0.39302 -0.37993 0.5556 0.56107 0.73107 -0.014902 -0.73343 -0.46343 -0.2982 -0.10009 0.23964 0.45689 -0.55236 0.63445 -0.70379 0.74294 0.20307 -0.14804
clear 0.60506 0.18191 0.16394 -0.17322 0.39003 0.14191 -0.18749 0.22792 -0.13433 -0.039739 -0.29248 -0.11435 -0.61228 -0.11084 -0.086806 0.43197 0.46269 -0.91279 0.0032686 -0.87722 -0.43656 0.4111 0.30053 -0.471 0.48141 -1.6452 -0.0087763 1.0281 0.61239 -0.057788 3.166 -0.069298 -0.67973 -0.75351 -0.038444 -0.42413 0.17885 0.28132 -0.38948 -0.27017 0.22063 -0.018678 0.18915 0.1661 -0.20282 0.10659 -0.30766 0.7015 0.42221 -0.35024
operations 1.1591 -1.1999 0.072653 0.58819 -0.29679 -0.51001 -0.49371 0.017692 1.0616 -1.0094 0.52709 0.2727 -0.84104 0.093769 -0.7347 -0.15335 -0.098236 0.4887 -0.64312 0.22995 1.0776 -0.26086 -0.24341 -0.62283 -1.2898 -1.1614 -0.060444 -0.5854 0.83077 0.38283 3.4401 -0.045679 -0.28183 -0.34913 0.10207 0.426 -0.40933 -0.19524 -0.054891 0.66443 -0.49009 -0.23305 0.44956 -0.70954 -0.093103 -0.57026 -0.17424 0.5907 -0.54211 0.99565
stop 0.31973 -0.53511 0.16837 -0.51493 -0.54168 -0.052323 -0.3467 0.41141 0.48828 0.19277 -0.43457 -0.054993 -0.70818 -0.21076 0.30517 0.06356 0.35297 -0.12412 -0.12177 -0.41381 0.74801 0.2171 0.0077925 0.50231 0.2459 -2.2516 0.58344 0.12077 1.2825 -1.0129 2.9238 0.7587 -1.0051 -0.17133 -0.61737 -0.015465 0.30681 -0.7098 -0.39136 0.53807 -0.1542 0.083077 -0.0020523 -0.11419 0.66978 -0.22367 -0.16531 -0.021139 0.061458 -0.10773
turn 0.45343 -0.22031 0.53704 -0.48735 0.34246 0.046052 -0.23291 0.25968 -0.1569 0.19915 -0.25845 0.1669 -0.40184 0.2655 0.098261 0.37715 0.38031 -0.18185 -0.18964 -0.89434 0.14745 -0.074522 0.39154 0.2833 0.41066 -1.7343 -0.25598 0.17865 0.7382 -0.25739 3.1924 0.45517 -0.42569 -0.20284 0.0046717 -0.15003 -0.44053 0.17373 0.042864 -0.51609 -0.24876 0.18265 -0.1904 0.13985 -0.10454 0.16818 0.16748 -0.51592 0.034724 -0.089377
data 0.53101 -0.55869 1.7674 0.44824 0.22341 -0.34559 -0.77679 -0.96117 1.1669 0.074279 0.8147 -0.059428 0.064599 0.0015176 0.099179 0.36602 -0.98724 -0.83913 0.15917 -0.77603 0.73474 -0.64861 0.46174 0.0088162 0.51738 -0.65976 -0.7401 -0.13928 0.081094 0.20657 3.5652 -0.82264 0.5736 -1.7268 0.0062356 0.067672 -0.23411 0.035163 0.26507 -0.29966 0.74323 -0.45027 0.19406 0.48611 -0.43075 -0.2521 1.2774 1.5815 0.65838 -0.20978
operation 1.7771 -0.70565 -0.1517 0.15204 -0.30173 -0.028744 -0.053753 0.41888 1.1036 -0.63349 0.17845 -0.065787 -0.71365 0.086085 -0.32855 -0.16574 0.10402 0.48797 -0.78129 0.71299 0.6509 -0.29694 -0.075433 -0.55083 -0.6803 -1.3969 -0.37827 -0.055424 0.9404 0.24306 3.0638 -0.18766 -1.0212 0.20304 -0.022539 0.81492 0.33979 -0.10205 -0.22019 0.24605 -0.50341 -0.26041 -0.31788 -0.85517 0.25515 -0.97835 0.20905 0.23884 -0.27529 0.45595
programs 0.04501 0.3076 0.37082 -0.61291 -1.0105 0.17725 -0.82357 -1.4555 0.90333 0.44444 -0.19924 0.040644 0.53004 0.1684 0.046462 -0.27628 -0.18192 0.92389 0.92426 0.34468 0.60439 0.14596 0.032791 0.20394 -0.36158 -1.1259 0.25133 -0.91864 -0.12857 -0.51871 3.691 0.75809 -0.76885 -1.2806 -0.11082 1.017 0.11534 0.3173 -0.3699 -0.53978 -0.32115 -0.58336 0.071154 0.52191 -0.18888 -0.15041 0.2455 1.1311 -0.59377 1.0676
jobs 0.19894 -0.6557 1.0365 -0.78175 -0.034146 -0.12843 -1.1377 0.00021595 -0.1335 -0.60713 -0.3144 -1.0396 0.30044 -0.59639 1.3528 -0.19393 -0.088618 0.83804 0.80181 -1.3708 0.72714 -0.24846 -0.75843 0.028299 -0.16869 -0.69187 -0.17625 -0.7858 0.35533 0.74469 3.1897 0.91909 0.26608 -0.17644 -0.4604 0.25533 -0.80216 0.44681 0.59007 -0.79281 -0.90208 -0.21839 0.57968 0.39059 0.044697 -0.37132 -0.40844 0.67561 -1.0376 0.72072
records -0.7431 0.32944 0.27683 0.42189 -0.57555 -0.071554 -1.1739 0.22748 1.0866 0.46412 0.37965 0.60285 -0.5996 0.035822 0.86084 -0.42616 -0.86164 -0.51118 -0.20983 -0.15976 0.36218 0.013198 0.75508 -0.26193 -0.52993 -0.85421 -1.717 -0.40772 -0.09149 -0.6998 2.7036 -1.064 0.18467 -0.40747 -0.11576 0.20715 0.83361 -0.75333 0.33722 -0.7898 0.18105 -1.0091 -0.16179 0.24737 -0.62759 -0.22021 -0.12645 -0.33641 -0.40344 -0.73523
begin 0.78935 -0.11272 -0.052922 -0.37728 -0.3212 -0.24716 -0.75656 0.41476 -0.035821 -0.27687 -0.32666 -0.31582 -0.32013 0.3639 0.90324 0.46102 -0.26195 -0.29532 -0.048615 -0.497 1.1649 -0.035464 0.51134 -0.085935 0.034789 -0.96857 0.45049 -0.34168 0.646 -0.36148 3.1212 0.75506 -1.3614 -0.47715 0.0074122 -0.051868 -0.0102 0.18619 -0.12723 -0.0018361 -0.87228 -0.60748 0.033482 -0.049084 0.20359 0.043393 0.65307 0.27783 -0.70599 0.13716
access 0.47129 0.60247 1.1633 0.39828 -0.51995 -0.36966 -0.58619 -0.29422 1.6729 0.15284 -0.045884 -0.051321 0.27565 -0.46583 -0.36229 0.6698 -0.035184 -0.34495 1.268 -0.52488 0.70695 0.18834 -0.68287 0.87077 0.02273 -1.2484 0.69624 -0.51888 0.51123 -0.16155 3.5916 0.083499 -0.20828 -0.80838 -0.0090139 0.078063 0.16891 -0.06517 -0.65673 0.069256 0.81551 -0.14136 0.82516 1.0169 -0.57086 -0.36324 -0.29946 -0.03097 0.018247 -0.17916
break -0.28705 -0.30243 -0.1783 -0.10987 -0.050859 0.12751 -0.17744 1.0594 -0.23847 0.42171 -0.2365 -0.42389 -0.9417 0.68459 0.52028 -0.041713 0.3572 -1.029 -0.52059 -0.48544 0.17025 0.030926 -0.14727 0.03914 0.11438 -1.5402 0.64653 -0.32198 0.88346 -0.28024 3.2456 0.50162 -0.52768 0.51411 -0.20428 0.19845 0.12255 0.33672 0.16214 -0.45786 -0.21468 0.070855 -0.15447 0.30589 0.24846 0.13941 0.62953 -0.48261 -0.5468 -0.36781
complete 0.52439 0.51014 -0.30201 -0.087829 0.080008 0.24303 -0.17647 0.1692 0.42755 0.18225 -0.20883 0.028035 -0.57293 0.17337 0.53001 -0.262 0.12003 -0.339 -0.061782 -0.2323 0.24751 -0.061571 -0.42054 -0.54646 0.21377 -0.61008 -0.83732 -0.3668 0.38052 -0.32314 3.3913 -0.35434 -0.94014 -0.05342 0.16553 0.5496 1.2651 0.26022 -0.07985 -0.23223 0.01592 -0.96809 -0.17166 0.13896 -0.73601 0.2771 0.54434 0.49011 -0.37947 -0.025708
software 0.40093 -1.1683 1.2586 1.3243 -0.60614 -0.36914 -1.2668 -1.7872 0.67804 1.1791 0.72633 0.7432 -0.32346 -0.31177 -0.025236 0.072382 -0.84757 0.70602 0.88824 -0.67657 0.54001 -0.11735 -0.90053 0.4227 0.21735 -0.5767 -0.40095 -1.1345 0.064297 -0.44729 3.3038 -1.0716 -0.37677 -0.48321 -0.11032 0.27934 -0.51331 0.22437 0.3481 -0.6764 1.27 -0.37939 -0.1754 0.94066 -0.12009 0.40097 0.93773 0.57618 0.30619 0.30187
store 0.37654 -0.11085 0.44753 0.074111 1.2254 -0.47413 -1.7132 -0.5622 0.79129 0.046365 0.059305 -0.54642 -0.18154 -0.44504 0.71593 0.66323 -0.82844 0.25531 0.22561 -0.76825 1.7314 -0.35955 -0.83919 0.98962 -1.0577 -0.89327 -0.9075 0.5392 1.1759 -1.0481 2.3297 -0.24447 0.6385 0.06974 0.38696 0.32883 0.11177 0.58524 0.82529 0.023072 0.6235 -0.036357 -0.28549 -0.14505 0.50543 0.27194 -0.10292 -0.96804 0.28179 0.50417
finish -0.72777 -0.020295 -0.030941 0.20952 0.81356 -0.34774 -0.59773 0.59962 -0.37852 -0.15169 -0.30833 -1.0729 -1.0006 0.0072016 0.5479 -0.33792 0.42169 -0.434 -1.4357 -1.2694 0.20886 0.27868 0.16632 -0.54717 0.65148 -0.57445 -0.081155 0.059758 0.19324 -0.33192 2.6378 0.48561 -0.48503 0.69069 1.1116 -0.57847 0.19089 1.6238 0.16233 -1.109 -0.52505 -0.99224 0.26899 -0.23337 -0.16752 0.044462 1.103 -0.14741 0.74618 -0.31688
save 0.66845 -0.35565 0.73838 -0.7142 0.75459 0.0055673 -0.82317 0.39542 0.63911 0.19131 -0.32646 0.32696 -0.031726 0.20932 0.46928 -0.56377 0.88563 -0.50192 -0.22038 -0.10971 -0.11226 -0.28042 -0.75969 -0.57244 0.49705 -1.2179 -0.098007 -0.78631 0.73092 -0.75126 2.7629 0.921 -0.45237 0.69381 -0.48647 0.63044 0.17711 0.046955 0.78872 -0.80126 -0.14012 -0.19632 0.38725 -0.12723 -0.21829 0.45513 -0.17457 -0.43887 0.19939 0.12245
launch 1.5473 -0.25673 0.83212 0.5942 -0.81063 -0.3485 -0.64324 -0.24313 0.59954 0.11125 0.089938 -0.35603 -0.31059 0.89063 -0.1782 0.55006 -0.25995 0.32735 -1.1683 0.15576 0.92775 -0.026655 -0.21769 -0.4945 0.0061179 -1.2744 0.16491 -0.242 0.25847 0.356 2.7494 0.13324 -1.6179 -0.054749 -0.27518 -0.061144 0.4639 -0.19499 -1.3143 -0.5233 0.098638 -0.50138 -0.31558 -0.74962 0.42616 -0.029063 0.23629 0.72041 -0.17806 0.28496
documents 0.78832 -0.035879 0.63397 0.28429 0.5699 0.059393 -0.84328 -0.10986 0.15657 -0.43812 -0.47727 0.42653 -0.076859 -0.45302 1.1775 -0.45634 -1.2313 -1.0898 1.1861 -0.41939 1.0127 -0.0046488 0.56247 -0.58167 -0.62821 -1.5398 -0.68014 -0.30054 -0.049028 -0.92805 2.2319 -1.554 -0.71693 -1.4428 0.047011 0.69213 0.056929 0.11658 -0.25784 -0.0746 0.92427 -0.38406 0.89441 0.62299 -0.37639 -0.37327 -0.38451 1.3034 -0.12447 -1.2563
kill 1.0246 -0.69252 1.3859 -0.57871 0.83928 0.84446 0.11149 0.24432 0.04138 0.062645 -0.235 0.22766 0.27655 0.04277 0.71243 0.18104 0.88367 0.015105 -0.86131 0.27665 -0.21458 0.33951 0.99415 0.2903 0.36061 -1.9803 -0.075936 -1.1963 1.0626 -0.80245 1.7047 0.09834 -1.6228 -0.27761 0.11647 0.45634 0.30772 -1.1617 -0.013871 0.02235 -0.41202 0.51998 0.26752 -0.441 1.3638 -0.23154 -0.53825 -0.68118 0.27923 0.1389
task 1.2648 -0.68445 -0.28431 -0.137 0.88534 -0.071544 0.36548 0.099512 0.72311 -1.106 -0.58181 0.081016 -0.69699 0.62716 -0.36225 -0.93592 0.38299 0.34248 0.24096 -0.40549 0.10122 0.024702 -0.31251 -0.5353 0.15834 -1.238 -0.11212 -0.47199 0.05053 0.22682 2.596 0.22382 -0.88328 -1.1294 0.16232 0.64844 -0.23611 0.49874 -0.31303 -0.30974 -0.89483 -0.4016 0.41746 -0.28058 -0.2183 0.24573 0.213 0.46457 0.28442 0.79068
transfer 0.74524 0.13975 0.29061 -0.14896 0.18226 0.065468 -0.04125 0.26351 0.23026 0.26419 0.51626 0.49327 0.19888 -0.05111 0.28482 0.49102 0.13048 -0.19965 -0.012161 0.058189 0.94186 -0.76069 -0.034892 0.11548 -1.0143 -1.0663 1.5143 -0.1018 0.55955 -0.082227 2.9772 0.00024546 -1.0748 -0.35235 0.28972 0.59029 0.48805 0.55962 0.17102 -0.45446 0.8601 -0.17262 0.064206 0.20145 -0.65924 -0.39768 0.54642 0.70804 -0.037135 -0.21117
shut 0.26991 -1.0542 0.96829 0.08622 -0.99412 -0.5693 -0.97417 0.87546 0.22952 0.011562 0.15359 -0.30987 -0.59741 0.76422 0.40493 0.87005 -0.27384 0.10605 0.066338 -0.11202 0.77183 -0.24454 -0.097676 0.31914 -0.24177 -1.4958 0.71699 0.51231 0.90537 -0.93498 2.5163 0.1785 0.038083 -0.049273 -0.84117 0.19253 0.86999 -0.26372 0.39435 0.42918 -0.42473 -0.37619 0.085072 0.32908 -0.14515 0.5878 -0.86575 -0.29938 -0.4903 -0.33394
file 0.20346 -0.36144 1.065 0.77532 0.13116 0.084812 -0.09789 0.058289 0.068911 -0.29628 -0.47937 0.24026 0.19721 0.41073 0.80101 -0.21375 -1.3117 -0.88078 1.3917 -0.86331 0.13966 -0.68027 0.058374 0.8234 -0.72267 -1.1106 -0.10921 -0.27527 0.035973 -0.70028 2.5397 -1.268 -0.95494 -0.66966 -0.43851 0.27497 0.602 -1.2052 0.33294 -0.96118 1.2398 -0.17181 0.043022 1.1535 -0.64861 0.10567 0.38906 0.47547 0.015746 0.017795
display 0.042609 0.44308 -0.074327 0.39999 0.88962 -0.55883 -0.015495 -0.93379 0.22499 0.5205 0.10235 -0.45242 0.34582 0.098109 -0.093584 0.042301 -0.73688 -0.052851 -0.82722 -1.2792 0.41396 -0.025977 -0.85529 -0.6279 0.057819 -0.72011 -0.89152 0.32555 0.3195 -0.50586 2.5168 0.37636 0.13615 -1.2164 -0.27134 0.85074 0.74799 0.55602 -1.333 -0.43155 0.90047 -0.021127 -0.299 0.28273 0.39767 0.7111 0.078224 -0.35336 -0.1503 -0.50252
document 0.63233 0.06281 -0.090378 -0.1447 0.82826 0.21718 -0.34635 -0.64597 0.23408 -0.21346 -0.29508 0.051847 -0.033956 0.15124 0.6391 -0.22949 -0.86406 -1.2488 1.3047 0.18185 0.52633 -0.2245 0.20145 -0.31795 0.049516 -1.1036 -0.47273 0.1853 -0.18674 -0.41879 2.4011 -1.5254 -1.4062 -1.0606 -0.36679 -0.10285 0.53645 0.08508 -0.70122 -0.29139 0.86944 -0.96837 0.21042 -0.099389 -0.62152 0.33001 0.12192 1.6408 0.086932 -0.51442
remove 0.29726 -0.32094 0.41737 -0.347 -0.0016301 0.84543 0.42587 0.29561 0.1944 -0.50601 -0.12662 0.48041 0.55735 0.51821 0.25514 1.1335 0.0096996 -0.95756 0.87705 -0.62979 0.34882 -0.52147 0.79872 -0.56682 -0.54061 -1.2818 0.58996 0.30018 1.0121 -0.56168 2.4436 -0.20145 -1.3655 -0.28592 -0.65288 1.1119 0.54478 0.3176 0.59106 -0.34423 0.30276 0.22915 0.25816 0.27888 0.587 0.50711 -0.21625 -0.24018 0.020448 -0.64233
application 0.37273 -0.22075 -0.062467 0.93395 -0.28101 0.22111 -0.11115 -0.86538 0.68432 0.53435 0.69102 0.26005 0.45476 -0.34133 0.27086 0.47533 -0.8382 -0.1958 0.91462 -0.5674 0.53617 -0.24076 -0.67439 0.14251 0.10007 -0.95823 0.48354 -0.51522 -0.31174 -0.11449 3.0137 -1.1926 -1.3195 -0.95249 0.11743 0.039828 0.58131 0.42409 -0.28125 -0.76539 0.98623 -0.35605 -0.11101 0.84347 -0.60349 -0.22496 0.75813 0.75152 0.44127 0.093444
applications 0.46279 -0.30926 1.1712 0.78058 -0.59363 -0.060389 -0.48599 -1.2109 0.29918 0.60854 0.58846 -0.12924 0.89683 -0.088654 0.33942 0.21617 -0.93926 0.17537 0.79924 -1.224 0.65191 -0.36961 -0.49885 0.087178 0.078179 -0.16419 0.31164 -0.99573 -0.30565 -0.051859 3.1754 -0.71402 -0.79997 -1.3132 0.35506 0.53575 0.22932 0.51305 -0.021203 -0.34816 0.56062 -0.27472 0.28601 1.2676 -0.28084 -0.1574 0.78068 0.82631 -0.046772 -0.21933
capture 1.0303 -0.28314 1.0476 0.1865 0.67915 -0.66495 0.30215 0.88695 0.073018 0.60164 0.054312 -0.28331 -0.12066 -0.061106 -0.27658 -0.042512 0.63802 -0.60077 -1.0898 0.060849 0.20638 -0.13281 0.48262 -0.37208 -0.40888 -1.3992 -0.89461 -0.77143 0.80805 -0.14223 1.8167 -0.21832 -1.109 -0.87885 0.68674 0.44994 -0.55297 0.085756 -0.72445 -0.56586 0.35546 0.17848 0.25211 -0.66183 0.1429 -0.61797 0.28466 -0.49872 0.1172 -0.60746
cease 0.45222 -0.65957 -0.33691 -0.23405 -0.17672 0.17042 -0.41601 0.53831 -0.025595 -0.24818 0.10483 -0.50651 -1.0535 -0.13774 0.24208 0.71162 -0.10798 -0.73611 0.83672 0.33431 0.26619 1.0626 0.41677 -0.29927 -0.63562 -0.43173 0.55492 0.12532 1.4044 0.58451 2.705 -0.33187 -2.0565 0.42353 -0.13679 -0.32493 0.26773 -1.6717 -1.0744 0.35217 -0.38308 -1.125 -0.42673 -0.71397 -0.14826 -0.43039 -0.24334 1.3335 -1.2625 -0.40317
register -0.64519 0.34077 0.49011 -0.184 0.2257 0.15886 -0.81471 0.26411 0.40576 -0.38199 0.15078 -0.30385 1.1211 -0.4697 0.1316 -0.025102 -0.65132 -0.66222 0.29226 -0.47396 0.63696 -0.7208 -0.045707 0.42804 -0.21018 -0.77715 -0.5654 -0.61442 0.048895 -0.42732 2.1234 -0.29407 -0.30894 -1.0439 0.11544 -0.21277 0.81569 -0.59079 -0.020419 -0.34556 0.11331 -0.83327 0.046535 0.38165 -1.0274 0.14186 -0.47057 -0.14221 0.65406 -0.29813
camera 0.54994 -0.097652 1.4178 -0.11267 0.44293 -0.11298 0.0315 -0.80577 -0.023163 0.40789 0.45104 -0.3306 -0.22871 1.3477 -0.21299 0.35022 -1.1209 0.48035 -0.84448 -1.2127 0.91076 1.1685 -0.2633 0.19949 0.6138 -1.2494 -0.8848 0.7167 0.20409 -0.95875 1.9943 0.093109 0.12578 -1.0879 -0.28466 0.56153 0.49223 0.3918 -0.60657 -0.88177 1.4447 0.8809 -0.10176 -0.0031869 -0.27934 -0.82916 1.1708 -0.8004 -0.01723 0.15013
halt 0.55357 -0.96422 0.22246 -0.51786 -1.0024 0.045941 0.16316 0.91123 0.64607 0.48671 -0.19342 -0.58752 -0.64246 -0.30229 0.26414 0.52267 0.46148 -0.77485 0.19037 -0.037917 1.2517 -0.30427 -0.77129 -0.34138 -0.14039 -1.4767 1.1175 -0.074869 1.1684 0.36249 2.4497 -0.34866 -1.209 0.1497 -0.4155 -0.3744 0.48255 -1.1662 -0.60293 0.28567 -0.45901 -0.23786 -0.039912 -0.79894 0.70212 -0.06427 0.17441 0.73137 -0.51933 -0.3116
restore 0.42184 -0.070669 0.34902 -0.22797 -0.13487 -0.51698 0.13997 0.52576 0.59014 -0.021843 0.13763 0.38123 -0.11091 -0.072683 -0.51272 1.0153 0.21559 -0.7023 1.2172 -0.0056969 0.031008 0.30561 -1.0141 -1.1948 -0.049357 -0.93328 -0.31286 -0.58447 0.8145 0.60443 2.6006 0.71396 -1.249 -0.43936 -0.31416 0.83462 -0.28184 -0.53909 0.17003 -0.75096 -0.46887 -0.32065 0.11465 -0.51405 -0.82631 0.96576 -0.36168 -0.29622 -0.01849 -0.96188
files 0.41153 -0.46295 1.6717 0.76386 0.17994 -0.12002 -0.083797 -0.47244 0.096507 -0.1882 -0.2671 0.63018 -0.024531 0.37361 1.0533 -0.1254 -1.3017 -0.43609 1.3728 -0.33965 0.23041 -0.44637 0.35014 0.57819 -0.55791 -0.86197 -0.24287 -0.20452 0.21916 -1.0406 2.1893 -1.4266 -0.324 -1.1845 -0.55992 1.1913 0.20483 -0.75181 0.3063 -0.93876 1.4899 -0.138 0.39506 0.79621 -0.65 0.28136 0.59223 0.21779 -0.32349 -0.39579
recover 1.0098 -0.95946 0.69878 -0.23787 0.047758 -0.032737 -0.2267 1.3376 0.67219 0.27773 0.58572 0.45597 -0.34004 -0.42784 0.8553 0.688 -0.038453 -0.73769 -0.10607 0.10269 -0.19226 0.060299 -0.34771 -1.0439 0.26442 -0.97271 -0.20347 -0.63578 0.83408 0.11492 2.3697 0.42671 0.36691 -0.0052395 -0.0046748 0.62206 -0.14503 0.051904 0.90721 -1.0993 -0.74485 -0.54458 0.87128 0.0096708 -0.10895 0.061321 -0.0077678 -0.0035498 -0.064339 -0.5904
tools 0.19352 -0.76436 0.65418 0.32352 0.069289 -0.12009 -0.42104 -1.4142 0.28009 0.031162 -0.057973 0.37581 0.074837 -0.013689 -0.5574 0.17732 0.30121 0.32399 0.79417 -1.0911 0.74834 -0.11022 -0.47615 -0.48633 0.49906 -0.21583 -0.70494 -1.193 0.53281 -0.54838 2.9435 -0.78987 -0.53565 -0.68582 0.17138 1.5953 -0.068032 0.82787 0.099502 0.030788 0.70999 -0.56153 0.1176 1.1941 1.3686 -0.031947 1.0609 0.67209 0.11171 -0.25221
exit 0.63117 0.5875 1.0619 -0.060472 -0.82182 0.0052793 -0.23241 0.74094 0.12161 -0.23601 -0.89879 -0.89674 -0.58095 0.41007 -0.23764 -0.10794 -0.089622 -0.80374 0.057256 -0.23965 0.18978 -0.082673 -0.21125 0.67281 0.35825 -0.70726 0.082086 0.50967 -0.12267 -0.26305 2.1561 0.32682 -0.15033 -0.39192 0.20012 -0.55716 1.1685 -0.064682 -0.43993 -0.77375 -0.0089247 -0.67546 0.16019 -0.038465 -0.87461 0.086011 0.30535 0.17129 1.1428 0.15847
obtain 0.34592 0.14788 0.59427 -0.15454 0.44617 0.21554 -0.18641 0.7864 0.80588 0.68911 0.73554 0.46531 1.0747 -0.43448 0.0092431 0.18879 0.05574 -0.70612 0.83046 -0.52402 0.74974 -0.11768 -0.050352 -0.12776 -0.34788 -1.2328 0.032302 -1.1623 0.39634 -0.34461 2.3118 -0.04957 -1.2824 -0.84713 0.97985 0.31219 0.10081 0.34794 -0.11056 -0.5879 0.79608 -0.29993 0.79064 0.61316 -0.68932 -0.96097 -0.045561 0.93065 0.17535 -0.34256
copy 0.10539 0.088166 0.50218 -0.29796 0.78199 -0.26499 -0.92939 -0.74815 0.50196 0.073711 0.025133 0.6111 0.41774 0.1092 1.0227 0.024711 -1.2925 -0.76389 0.62144 -0.33788 0.49993 -0.19445 0.16224 0.072492 0.1589 -1.2744 -1.0783 0.087868 0.16865 -0.96308 2.0054 -1.258 -0.70409 -0.25683 -0.23631 0.41811 1.0737 0.33579 -0.29077 -0.49453 1.7042 -0.19355 -0.13658 0.29787 -0.34351 0.10233 0.21593 0.27599 0.073518 -0.15073
utility 0.1874 -0.41785 1.1045 0.67975 -0.49469 0.21646 -1.0423 -0.39015 0.042153 -0.04409 0.7764 0.25131 -0.28119 0.034041 -0.3635 -0.06399 -0.2038 0.96481 0.1953 -2.0745 0.0017698 -0.76236 -1.4434 0.16706 -0.83101 -0.72493 -0.14707 0.392 0.60487 0.50165 1.9333 0.067588 -0.16077 0.047012 0.56137 -0.36162 -0.62221 -0.31943 0.7761 0.0089961 0.21666 0.056191 0.48727 0.09 -1.0627 -0.094118 -0.34118 0.33689 0.78917 0.027531
detail 0.96302 0.54627 -0.44472 0.012886 0.73483 -0.0058072 0.46048 -0.016872 -0.12374 -0.26643 -0.94073 0.11848 -0.35328 -0.18671 0.74137 -0.42469 -0.47744 -0.67245 0.51271 -0.92379 0.3005 0.62376 0.12455 -0.61586 0.48525 -0.77675 -1.4061 0.51616 0.50752 0.060672 2.23 -0.56126 -0.091301 -1.2606 0.31896 0.79464 -0.016579 0.32945 -0.40678 -0.20342 0.40172 0.32146 0.26642 0.0010018 -0.054368 -0.17047 0.81299 1.1756 0.054174 0.13754
cameras 0.29947 -0.3472 1.9901 0.099301 -0.22486 -0.66527 -0.15291 -0.87577 0.17383 0.22088 0.22092 -0.78138 -0.036341 1.1321 -0.087919 0.92227 -1.1757 0.2158 -0.69408 -1.4112 0.9233 1.0564 0.01775 -0.071664 0.13105 -1.1152 -0.44543 0.60013 0.17488 -1.1606 1.7094 0.52805 0.050463 -1.5633 -0.095805 0.71505 0.91421 0.19906 -1.4205 -0.35528 0.91927 0.97569 0.50891 0.70989 -0.08781 -0.48915 0.58236 -0.51349 -0.70342 -0.38306
eliminate 0.241 -0.52719 0.68061 -0.17268 -0.68464 0.79438 0.6588 -0.4574 0.30162 -0.054298 -0.30862 -0.081931 -0.32114 -0.53236 0.49444 0.26452 0.52892 -0.31167 0.72495 -0.51441 -0.20251 -1.2151 -0.083326 -0.28564 -0.74034 -1.2272 0.17475 -0.64285 1.0684 -0.17956 2.1508 0.80889 -0.84578 -0.56097 -0.52088 0.30542 -0.18818 -0.040801 -0.13566 -0.14694 -0.36247 -0.23317 0.68404 0.65483 0.1945 0.22853 -0.1186 0.63453 -0.19044 0.14832
tool -0.16608 -0.64058 0.47542 0.14818 0.18842 0.070082 0.041716 -1.0377 0.91964 0.48614 0.029612 0.11487 -0.12355 0.43545 -0.90585 -0.018264 0.39082 0.30161 0.75633 -0.47487 0.53238 -0.33275 -0.63227 -0.023903 0.2691 -1.0538 -0.74177 -0.70855 0.59683 -0.05123 2.5942 -0.57206 -0.63404 -0.77503 -0.28609 0.89683 -0.17145 0.73465 -0.049539 -0.36223 0.79491 -0.2883 -0.36528 0.76909 0.95572 -0.30439 0.90621 0.60239 0.45197 0.3449
acquire 0.95443 -0.097146 0.895 0.90466 0.7025 0.30195 -0.99749 -0.018785 0.027796 0.76926 0.81296 0.72808 0.03034 -0.36487 -0.52259 0.84612 0.23836 0.23346 -0.32497 -0.088014 0.66408 0.15161 -0.57822 -0.36539 -0.85588 -0.86289 0.044407 -1.164 0.57726 -0.7385 1.8366 0.44751 -0.39268 0.054162 0.54592 -0.66026 -0.87247 0.05938 0.064167 -0.53982 0.8638 -0.78103 0.64194 0.40448 -0.30616 0.16138 -0.45195 0.98848 -0.58238 0.17928
processes 0.61197 -0.60295 -0.4284 0.76196 -0.32541 0.88258 0.84506 -0.37229 0.6083 0.40079 0.89268 -0.060419 0.21804 0.38568 -0.30283 0.14164 0.11993 0.042922 0.93532 -1.2095 0.83877 -0.55725 0.17631 -0.36916 0.40532 0.3972 -0.21413 -0.64954 0.69299 0.36156 3.0854 -0.72815 -0.60417 -1.7646 -0.26031 0.30175 -0.27016 0.67567 0.63831 0.74889 -0.37753 -1.005 0.096075 0.76113 -0.31183 -0.10902 1.0392 0.62969 -0.13316 0.00094026
trigger 0.19889 -0.6654 0.73885 -0.10037 -0.47239 1.1886 1.0817 0.47655 0.3059 0.32231 -0.016008 -0.27702 -0.12769 0.4638 0.31885 0.98473 -0.051124 -0.79727 -0.27443 -0.76133 0.13885 -0.89069 -0.34946 -0.17367 0.063576 -1.2985 -0.13137 0.10143 1.1553 0.26988 2.097 0.13618 -0.28456 -0.398 -0.02694 0.35346 0.19778 -1.4683 0.061084 -0.35716 -0.62756 0.53648 -0.37038 0.060287 1.1491 -0.002245 1.2508 0.55103 -0.10782 -0.23282
revive 0.41708 -0.48101 -0.13254 -0.56336 -0.35937 0.34105 -1.0006 0.50656 0.13943 0.65369 -0.040592 0.18341 -0.65879 0.6635 -0.35028 0.84063 0.3719 -0.41193 1.1574 0.69731 0.77639 0.20566 -1.012 -0.41232 0.20058 -1.069 0.068183 -0.26059 0.33973 0.38935 1.7624 0.70698 -0.75113 0.18217 -0.12389 0.011891 -0.95325 -0.27308 -0.18168 -1.1119 -1.18 -1.0002 -0.37209 -0.97165 0.58571 0.74921 0.072895 0.51237 -0.030525 -0.86686
utilities -0.42264 -0.95873 1.1312 0.49673 -1.2214 -0.14057 -0.88863 -0.17762 -0.14914 0.19999 0.35904 0.17004 0.42677 -0.41773 -0.51713 0.61322 0.055835 0.30915 0.81606 -1.7592 1.0329 -0.77187 -0.64772 -0.16405 -0.81146 -0.28542 0.19597 -0.30547 0.50697 0.53219 2.2675 0.14576 0.29229 -0.1998 0.36724 -0.59996 -0.61952 -0.43055 1.4211 0.23803 -0.3482 -0.080674 0.79611 0.53213 -0.83584 0.65174 -0.87071 0.30203 0.55003 0.31686
tasks 1.192 -0.59946 -0.16593 -0.17011 0.63681 -0.037812 0.62673 -0.11206 0.50404 -0.87033 -0.27622 0.29901 -0.52646 0.57359 -0.051746 -0.82558 -0.10834 0.59565 1.3931 -0.93762 0.30242 -0.15105 -0.15529 -0.10413 0.91137 0.065958 -0.30007 -0.98713 0.55196 0.21233 2.8619 0.59195 -0.45257 -0.85679 0.54863 1.5629 0.06428 1.1541 -0.70465 0.5231 -0.65284 -0.65611 0.228 0.42721 -0.37502 -0.11878 0.79386 0.77204 -0.19132 0.58618
regain -0.32744 -0.40955 0.71854 -0.13077 0.32863 -0.38549 0.18422 1.5512 0.53384 0.068979 0.79295 -0.2048 -0.75039 -0.34724 -0.89894 1.0228 0.10338 -0.73859 0.073129 -0.17718 -0.45774 0.38759 -0.77904 -0.66378 -0.0031956 -1.2433 -0.65382 -0.96014 0.71958 0.69294 1.9434 1.4281 -0.6241 -0.21149 0.00073319 0.18856 -0.85043 0.33619 -0.0020683 -1.6628 -0.10479 -0.79288 -0.31764 0.12945 -0.85297 0.081132 0.14066 -0.46603 -0.094341 -0.6915
conclude 0.89377 -0.21957 -0.39618 -0.018259 0.31736 -0.33237 0.043747 0.78616 -0.12319 0.12275 0.062864 0.057008 -0.48712 0.27276 0.96186 0.89563 0.35305 -1.0557 0.066187 -0.18398 0.70172 -0.067962 0.57961 -0.14597 0.57987 -0.70174 -0.019326 -0.38612 0.058206 -0.20771 1.4885 -0.0033323 -1.2223 -0.75899 0.21229 -1.1504 0.31926 0.28918 -0.43855 -0.19484 -0.80107 -1.2363 0.45669 0.16218 0.081492 0.067126 0.47023 1.4669 -0.27181 0.21138
specify 0.64959 -0.018406 0.48651 -0.041954 0.48136 -0.045744 0.46204 0.14998 -0.2375 -0.53556 0.3033 0.61947 0.35538 -0.50916 0.84628 0.76501 -0.50993 -0.89706 0.92706 -0.88664 0.15487 -0.75852 0.41094 0.34053 0.14498 -0.94198 -0.70451 -0.20777 0.62101 -0.38958 1.664 -0.2453 -0.68562 -0.55485 0.54462 -0.19021 0.97465 -0.2126 -0.58635 0.65226 0.59103 -0.017218 0.70261 0.47221 -0.082951 -0.50883 0.21234 1.5359 0.35871 0.69173
download 0.21382 -0.22022 1.5325 0.22997 -0.63888 -0.50368 -1.0799 -0.49016 0.96693 1.6495 0.51201 0.19194 0.6456 -0.2075 1.3845 0.17464 -0.95699 -0.51273 0.62278 -0.41378 1.1678 -0.24422 0.53743 1.7441 0.58005 0.21596 -0.10254 -0.91887 0.64071 -1.0682 2.511 -0.38082 -0.52683 -0.16417 0.10654 0.26261 0.97716 -0.48961 -0.88132 -1.2838 1.6212 -0.53236 -0.3975 0.23119 -0.5818 -0.14297 1.0376 -0.52166 0.12284 0.077881
trash -0.64487 -0.054101 0.71706 -0.37426 0.21993 -0.44001 -0.86715 -0.22111 0.61372 0.18919 -0.90922 -0.017703 0.22387 0.62518 1.2591 -0.31496 0.58772 0.91671 0.27654 -0.98509 0.88915 -0.26937 0.32379 0.27172 0.15058 -0.99197 -0.34825 1.4726 1.637 -0.59653 1.0364 -0.017355 -0.054975 -0.27241 -0.45039 1.6827 0.13587 -0.15345 0.9645 0.32098 -0.025606 0.15887 0.0037621 0.50791 0.010475 0.034622 -0.73592 -0.25522 1.2099 -1.0992
renew 0.050224 0.24929 0.040977 -0.047958 -0.28149 0.13822 -0.73508 0.6921 -0.00712 0.23175 0.3908 0.44166 0.077989 0.16368 0.28663 1.0545 -0.48311 -0.59134 1.1365 0.057249 0.59392 0.33162 -0.70752 -0.13575 -0.35955 -1.067 0.96827 -0.473 0.78351 0.14324 1.4081 0.92227 -1.9024 0.078833 -0.14516 -0.54458 -0.27285 -0.75334 -0.88556 -0.605 -0.19248 -0.94294 -0.33934 -0.11071 -0.24834 -0.19989 -0.1971 0.92882 -0.81995 -0.10338
log 0.077874 0.51202 1.0743 -0.21637 0.097719 -0.27756 -1.0896 -0.39794 0.25174 -0.85078 -0.87973 0.16747 0.73448 0.29716 0.11647 -0.14729 -0.33034 -0.15141 0.50613 -1.0064 0.1807 -0.86809 -0.27659 0.45207 0.64941 0.10429 -0.43409 0.33391 1.0216 -0.27065 1.8884 -1.2649 -0.38297 0.53951 0.079702 0.34861 0.6561 -0.48869 0.2811 0.097644 0.54641 -0.90517 -0.46187 1.0919 -0.29525 -0.25814 0.41541 -0.68406 0.34956 -0.2935
catalog 0.20249 0.59206 0.32054 -0.23146 0.29587 -0.43933 -1.5108 -0.86788 1.0505 0.39239 -0.21892 0.53355 0.12885 -0.28462 0.78591 -0.32313 -1.0053 -0.63801 0.57642 -0.35671 0.94143 -0.56341 -0.22864 0.23911 -0.31119 0.18396 -1.8446 -0.29774 0.53704 -0.72464 1.4018 -0.75709 0.7122 -0.043401 -0.093069 0.12547 0.14138 0.22423 -0.22004 -0.41675 1.0663 -0.58698 -0.016983 -0.15823 -0.3144 0.39404 0.4677 -0.14618 -0.75082 0.56643
restart 0.74115 -0.50022 0.47664 -0.12668 -0.63237 0.0704 -0.6047 1.1544 0.5486 0.4435 0.065798 -0.12813 -1.1538 0.42896 0.096129 0.5954 0.66594 -0.086325 0.68694 -0.36069 0.85259 0.06515 -0.33302 -0.14908 0.96214 -0.51676 1.723 -0.17641 0.7331 0.074796 1.8203 -0.038007 -1.5105 0.72366 0.41152 -0.24711 0.23695 0.39618 -0.082615 0.18913 -0.49694 -1.1961 -0.33914 -0.75161 0.33482 0.4374 0.75286 0.97977 -0.60081 -0.45462
shutdown 0.6722 -0.53457 0.64546 0.40919 -1.6978 -0.1396 -0.31045 0.9625 0.77879 0.056729 -0.2463 -0.65229 0.17878 0.6308 0.89787 0.70812 -0.5283 -0.0037607 -0.048926 -0.11217 0.57546 -1.1308 -0.97099 -0.30137 0.17699 -0.67674 0.61661 0.29148 1.1962 0.98823 1.6775 -0.44114 -0.51788 0.20936 -0.38459 -0.073699 1.0336 -0.75938 0.098546 0.35436 -0.90245 -0.11092 -0.36341 0.22893 -0.44171 0.554 0.13898 1.2508 -0.76792 0.27908
execute 0.70735 -1.663 0.57939 -0.26114 0.8918 -0.73958 1.0061 0.54102 -0.033034 0.66138 -0.16866 0.61109 -0.35241 0.56646 -0.011877 -0.26128 0.075944 -0.10621 0.64292 -0.19587 0.14978 0.028014 0.21201 -0.011794 0.12722 -0.95132 0.057963 -1.4817 0.71195 -0.96242 1.6098 -0.32303 -1.3076 -0.2022 0.87374 0.43992 0.65108 -0.11933 -0.57127 0.085614 -0.53605 -0.43908 0.47946 0.31673 0.14538 -0.43182 0.51992 0.072839 -0.050254 0.85783
wipe 0.51528 -1.1413 0.86766 -0.51078 -0.17499 0.02666 0.65242 -0.16563 0.47193 0.34104 -0.312 -0.23671 0.027793 -0.15905 -0.0017464 0.76454 0.54033 -0.46575 0.39253 0.40558 -0.32555 -0.19096 0.76034 -0.74325 -0.39515 -0.7889 -0.35909 0.25972 1.2871 -0.49672 1.663 0.58516 -1.2857 0.66727 -1.2997 0.74565 -0.63313 -0.38339 0.67286 -1.0193 -0.079047 -0.33748 0.11034 0.060682 0.43673 -0.039153 0.2811 -0.082868 0.17995 -0.789
retrieve 1.1459 -0.35733 1.3287 -0.0032512 0.94582 -0.1487 -0.73613 1.0017 0.98832 -0.1053 0.24272 0.68191 0.20998 0.37944 0.29877 0.071036 -0.32246 -0.4771 0.1196 -0.4817 0.43491 0.40472 -0.0013793 -0.38445 0.61276 -0.7799 -0.45447 -0.47725 0.91865 -1.1709 1.1146 -0.089819 -0.62505 -0.12101 0.30013 1.3479 -0.10371 0.0083385 0.47386 -0.51421 0.82684 -0.31264 0.50859 0.11527 0.10478 -0.41707 0.57597 -0.243 0.2435 -1.2489
initiate 0.93001 -0.59737 -0.57377 0.2858 -0.28985 0.49445 0.94569 0.68155 0.21453 0.31362 -0.10673 0.33943 0.13483 0.50101 -0.20434 0.37578 0.055306 -0.49358 0.81219 -0.24071 0.9736 -0.25101 -0.021336 -0.16384 0.22829 -0.62323 0.7134 -0.98338 0.087586 -0.19823 1.8002 0.25229 -1.7146 -0.87189 -0.24823 -0.16121 0.20931 -0.42107 -0.25713 0.1086 -0.48798 -0.54232 -0.32467 0.29455 0.31528 -0.44082 0.91453 0.74898 -0.32047 0.51355
reclaim 0.16837 -0.11019 0.87344 0.15052 0.61341 -0.39628 -0.30149 0.91396 0.27226 -0.17087 -0.10685 -0.36592 0.11506 -0.46562 -0.082706 0.68294 0.68664 -0.40236 0.38937 0.1947 -0.21798 -0.19314 -0.87143 -0.24671 -0.35202 -0.81048 -0.63003 -0.69664 1.0114 -0.063508 0.82196 0.67616 -1.0426 -0.041883 -0.20158 0.75095 -0.80826 0.32698 -0.26709 -1.2137 0.12131 -0.65186 0.23982 0.3696 -0.97161 -0.060459 -0.41138 -0.71509 0.063404 -1.2141
app 0.40037 -0.79645 1.3763 1.2684 -0.031567 -0.40912 -0.56085 -1.3984 1.3722 0.82495 0.083732 -0.17466 0.52424 -0.56194 0.3338 0.46696 -1.1922 0.55259 0.71635 0.37038 0.253 -0.15675 0.33699 1.124 0.91561 -0.012376 -0.19162 -0.41561 -0.38949 -0.48658 1.4432 -0.64322 -0.5163 0.22316 0.16515 -0.040618 0.69223 -0.19183 -0.59174 -0.76782 1.0376 -0.14846 -1.1534 -0.17238 0.37247 0.75415 0.36382 0.18685 1.0523 0.38187
logs 0.15255 -0.22145 1.1217 0.12916 0.066262 -0.38305 -1.1071 -0.49775 0.91375 -0.96867 -0.73961 0.39013 0.70456 0.064952 0.3124 -0.17091 -0.7099 0.18412 0.65633 -1.298 0.56952 -0.4258 0.75207 -0.54477 0.94867 0.0097727 0.4868 0.89174 0.57132 -0.31255 1.4598 -1.2867 0.024074 0.282 -0.049047 0.79322 -0.15043 -0.35228 0.11523 0.085613 0.29552 -0.93336 -0.059619 0.81772 0.30134 -0.3717 0.33221 -0.18162 0.065779 -1.7544
erase -0.14343 -0.21572 0.95022 -0.060348 -0.19272 0.59243 0.22474 0.34396 -0.19253 0.41419 -0.60181 0.1537 -0.41173 -0.46133 0.3494 0.56075 -0.16425 -1.1251 0.95339 0.058167 -0.47325 -0.55942 0.018379 -0.81617 0.28639 -0.80637 -0.91731 0.012369 1.0382 -0.80427 1.0025 0.59998 -0.30707 -0.27457 -0.5482 0.48576 -0.445 -0.16799 0.67354 -1.1929 -0.29357 -0.69258 0.025876 0.27288 -0.26589 0.78315 0.5589 0.60016 0.16568 -0.90462
terminate 0.82775 -0.017919 -0.26327 -0.24916 -0.49701 0.8752 -0.14438 0.73793 0.35149 -0.36288 0.35614 0.70024 -0.022502 -0.37441 -0.0099341 0.85234 -0.43177 -0.025055 0.84465 -0.0069777 0.47978 -0.098788 -0.50368 0.61339 -0.26359 -0.53158 1.1694 -0.075492 0.57101 -0.76468 1.14 0.72851 -0.86669 0.13075 0.41404 -0.699 0.7129 -0.78821 -0.25984 -0.13053 -0.38079 -1.0392 -0.030093 0.48238 -1.0762 -0.57745 0.1909 0.3097 -0.1848 0.72723
registers -0.33543 -0.35202 0.64353 -0.32267 0.71615 -0.095317 0.69294 0.0046376 0.48055 0.23636 0.062102 -0.35876 1.315 -0.080984 -0.23199 -0.094473 -1.3554 -0.43407 0.77103 -0.23125 0.35499 -1.1452 0.017942 0.27391 0.34903 -0.13674 -0.5384 -0.19488 0.1678 -0.1589 1.4074 0.12669 0.42632 0.25308 0.15292 0.27692 0.45947 0.13708 0.13781 0.30239 0.3814 0.090874 -0.55048 0.65176 -1.4146 0.80086 0.36164 0.068581 0.2747 -0.7164
purge -0.05462 -0.79379 0.11454 -0.98592 -0.31532 0.073474 0.94022 0.54637 -0.5988 0.12758 -0.32828 -0.23057 -0.24331 0.25254 0.21178 -0.50879 0.044222 0.069762 0.74736 0.54434 0.29297 -1.1254 0.32502 -0.1292 -0.86665 -1.1379 -1.0884 -0.64438 0.29198 0.42041 0.67822 0.28587 -0.89814 -0.66661 -0.67083 1.1185 -0.32974 -0.28797 0.2789 -0.054781 -0.67867 -0.24515 -0.69637 0.28609 0.16393 -0.14035 -0.14962 0.17376 -0.026293 -0.84656
fetch 0.8358 -0.076505 1.0208 -0.76403 0.93587 -0.86901 -0.344 -0.010746 0.17147 0.68159 -0.087528 0.44033 1.3573 -0.69221 1.199 0.47386 -0.048426 0.20477 -0.58251 -0.87488 0.89322 -0.22116 0.29888 -0.34087 0.37305 -0.15812 -0.01279 -0.036251 0.26243 -0.50576 0.87962 0.33863 0.070669 1.1751 0.62845 0.080075 -0.15467 0.19582 0.60936 -0.69799 0.5997 0.26271 0.4371 0.46858 0.032166 -0.54281 0.50307 -0.13654 -0.11219 -0.44389
activate 0.99908 -0.43793 1.0042 0.45698 0.16494 0.056349 0.4476 0.3519 0.3521 0.48806 1.0729 0.99068 0.11173 0.98253 -0.58829 1.1416 -0.11282 -0.50048 0.47718 -0.24394 -0.26034 -1.0344 -0.019167 -0.0188 -0.12282 -0.13511 0.86092 -0.42172 0.78373 -1.0242 1.3002 0.92595 -0.83822 -0.82602 0.20482 0.6758 0.77573 -0.78394 0.033247 0.39676 0.16919 -0.3615 -0.59879 -0.055517 0.40811 0.48507 0.72885 0.53175 -0.21386 0.29859
reinstate -0.64164 -1.0453 0.31101 -0.31142 -0.54175 -0.30309 0.51683 0.85198 -0.20519 0.33813 0.0060386 0.1951 -0.053826 -0.0022612 0.58679 0.67372 -0.16719 -0.39246 0.87033 -0.64793 0.20896 0.13023 -0.77007 -0.33084 -0.85643 -1.2028 0.95286 -0.66806 -0.49444 0.18558 0.22393 0.2208 -1.8143 0.21884 0.46308 -0.054299 0.924 -0.69906 -0.33829 -0.36455 -0.40463 0.67048 -0.2991 0.45379 -0.93029 0.16 -0.67864 0.2053 -0.45634 -0.63472
snapshot -0.31998 -0.15398 0.11915 -0.59017 1.0727 -1.1194 -0.83661 -0.38887 1.0693 0.67743 0.28874 -0.745 0.86531 0.69481 0.64337 0.11989 -0.70693 -0.7713 0.38721 -0.15227 0.36588 0.21985 -0.4624 -0.02039 0.2351 0.28192 -1.3243 0.62303 0.7077 0.99119 0.80962 -0.25333 0.13109 -0.40936 0.029724 0.33528 -0.4957 0.0094295 0.36874 -0.99429 0.41851 -0.0006887 -0.14004 -0.55219 0.14638 -0.045982 1.2954 1.4695 0.59179 0.30142
commence 0.94598 -0.80773 -0.90824 0.20318 -0.76325 -0.71758 0.15081 0.93537 0.43756 -0.011061 0.18048 0.21632 -0.27894 -0.1078 0.56917 0.67462 -0.2034 0.049345 -0.26049 0.10371 1.839 -0.22382 0.36827 -0.16267 0.14411 0.49393 0.60247 -0.48194 0.45581 0.086848 1.4052 0.20642 -1.338 -0.072251 0.13968 -0.31255 0.95804 0.046846 -0.31616 0.19032 -0.74329 -1.5012 -0.59105 -0.10587 -0.5339 -0.45611 0.93094 0.36627 -0.32389 0.61403
recoup 0.75725 -1.2782 0.91627 -0.51442 -0.68189 0.12362 0.18628 1.0272 0.59283 1.0355 -0.67794 0.24501 0.36226 -1.0161 0.5356 0.30242 0.4698 -0.37134 0.18131 -0.53939 1.2952 -0.73744 -0.71783 -0.89195 -0.26098 -0.52329 -0.29903 -1.3264 0.65993 -0.54953 0.72263 1.2229 0.49075 0.30227 -0.14725 0.011387 -0.42224 0.14836 1.0472 -1.3779 -0.29878 -0.37389 0.64449 1.05 -0.45051 -0.26787 -0.12438 0.3798 -0.21452 0.34304
discard -0.085509 -0.37859 0.065959 -0.40819 0.68457 0.49579 0.73461 0.40551 -0.23448 -0.24844 -0.11921 1.0881 0.59246 0.55211 0.16244 0.96191 0.52919 -0.71703 0.5434 -0.49947 -0.20027 -0.80952 1.4372 -0.082246 -0.36355 -0.2014 0.82498 0.53427 1.1458 -0.55764 1.1062 0.11206 -0.79355 0.57304 -0.40435 1.206 -0.35613 0.50737 0.93043 -1.0328 0.70083 -0.52175 0.19384 1.0284 0.23084 0.96479 0.70211 0.13459 0.058685 -0.96797
delete -0.20724 -0.86947 1.4133 -0.18264 0.13674 0.05331 0.19137 -0.12726 -0.29376 -0.099233 -0.69178 0.71437 0.64237 0.40441 0.44925 0.27724 -0.87829 -1.4937 1.8307 -0.1712 0.10892 -0.99844 0.21202 0.90779 0.70244 -0.41262 -0.76432 -0.50084 0.94923 -1.3243 0.93784 -0.75945 -0.80831 -0.045759 -0.052344 0.96531 0.7858 -0.72282 -0.52867 -0.24943 1.2589 0.12832 0.24282 0.18533 -0.27686 0.85347 1.1358 0.89429 0.65107 0.1617
cripple 0.29873 -1.2222 0.77089 -0.054482 -0.93157 0.27335 0.19416 0.77981 0.8976 0.49316 0.021341 0.093562 -0.092304 0.42531 -0.73713 0.53908 0.80692 0.067551 0.79711 0.24045 0.15378 -0.78308 -0.83993 0.10616 0.083636 -0.79062 -0.089788 -0.49611 1.0935 0.11926 0.36797 0.30179 -0.51339 0.015437 -0.62406 0.096788 -0.6245 -0.74694 0.20186 -0.1707 -0.85473 -0.27756 -0.047323 -0.55597 0.45452 0.29329 -0.23253 0.1151 0.21009 0.22698
redeem 0.59317 0.31086 1.0208 -1.0782 0.96458 -0.55431 0.21195 0.57138 0.11373 1.3274 -0.039298 1.0122 -0.029299 -0.43638 0.060086 0.49564 0.062476 -0.067616 0.41106 0.077261 0.46051 -0.041431 0.31222 -0.20175 -0.085622 -0.52496 -0.65842 -0.38049 0.81586 -1.0769 0.28032 1.5063 -0.27687 0.48847 0.21581 -0.11819 -0.33448 -0.18556 -0.0548 -1.0742 0.40045 -1.0355 0.21988 0.49135 -0.96255 -0.3589 -0.053913 0.07682 0.32203 -0.67045
disable 0.91568 -0.48409 1.7383 0.22971 -0.76503 -0.030841 0.26445 0.21645 0.3893 0.64504 0.30182 0.40885 0.42337 0.50998 0.049716 1.4095 -0.036708 0.90885 1.1169 0.61018 0.74873 -0.41353 -0.20328 -0.048055 0.50827 -0.51707 1.1611 -0.52149 1.0856 -0.78468 0.87997 -0.37024 -1.4749 -0.17854 0.32949 0.89434 0.94442 -0.20668 -1.0024 -0.63658 0.070307 -1.5608 0.23721 -0.20198 0.33037 0.34996 0.25441 0.57918 -0.48443 -0.27694
apps 0.4545 -0.52758 1.4705 0.961 -0.19591 0.19705 -0.8598 -1.8466 0.47286 1.1394 0.15808 0.14705 0.19845 -0.88456 0.32886 0.072748 -0.42386 0.10369 0.78822 -0.23189 -0.23696 -0.31725 0.15672 0.87052 0.75122 0.96186 0.15444 -1.0527 -0.29548 -1.3438 0.97655 0.77203 -0.43731 -0.14238 0.025117 0.4846 0.54647 0.39541 -0.73531 -0.87156 1.0967 -0.42873 -0.97073 0.43409 0.50548 0.54511 0.30344 -0.24858 0.9009 -0.090883
restarting 0.71919 -0.11447 -0.20674 -0.40113 -0.68916 0.30692 -0.33312 0.65003 0.51693 0.59062 -0.15697 -0.43256 -0.94661 0.57981 -0.18479 0.57829 0.36688 0.37751 1.2591 0.33837 1.0246 0.19387 -0.081282 -0.15387 0.61517 0.074941 1.4812 0.58461 1.1703 0.3412 1.011 -0.23149 -0.94591 0.30753 0.39918 -0.28373 -0.20282 0.41597 -0.60513 0.49138 -0.64121 -1.6538 -0.28696 -0.66063 0.43368 0.13891 0.75822 1.6477 -0.96273 -0.31139
resurrect 0.51966 -0.60988 0.2289 -0.39193 -0.17848 0.44739 -0.37889 0.5775 -0.023083 0.62669 -0.23812 0.77748 -0.30942 0.67356 -0.03027 0.4041 0.44309 0.025257 0.67902 0.50006 -0.017837 -0.11733 -0.56793 -0.32796 0.39842 -0.76232 -0.48259 -0.63935 0.53896 -0.47459 -0.032579 0.42088 -1.0094 0.035744 -0.10225 0.59941 -0.58717 -0.15777 -0.089058 -1.0755 -0.80934 -0.82135 -0.36136 -0.065301 -0.0077004 0.65122 0.13677 -0.068614 -0.11035 -0.73616
reinvigorate 0.39134 -0.78966 -0.037662 -0.65076 -0.13942 -0.25331 -0.46105 0.12676 0.2816 0.5863 0.19167 0.10245 -0.20064 0.78818 -1.0225 0.66351 0.13152 -0.33123 1.661 0.42124 0.31302 -0.43428 -1.1283 -0.080457 0.22535 -0.1391 0.048956 -0.23821 0.48839 0.063597 0.19366 1.1174 -0.84307 -0.076552 -0.61697 -0.13513 -1.3241 0.15881 -0.20737 -0.96699 -0.87237 -1.1434 -0.43927 -0.97243 0.3781 0.57965 0.71403 0.42072 -0.006877 -0.081959
rekindle 0.1772 0.42156 -0.23464 -0.28211 0.16213 0.75351 -0.27076 0.67004 -0.41452 1.1936 0.18662 -0.046375 0.022016 0.01605 0.010367 1.0142 0.25614 -0.43111 0.49128 0.20403 0.36435 0.31525 -0.64639 -0.18159 0.74962 -0.2807 0.32108 -0.45606 1.2781 0.47645 -0.04145 1.3973 -1.1064 -0.48829 -0.25738 -0.075397 -2.0063 -0.99445 -0.19119 -0.75467 -0.82464 -0.61854 -0.98908 -0.32144 1.1387 0.3937 1.1946 0.40962 -0.47151 -1.2011
recharge 0.43301 -0.031566 1.5803 0.0066556 -0.87048 -0.98199 0.48543 1.0353 0.87239 0.85503 0.16135 0.33395 0.40587 -0.51035 -0.67252 0.91932 -0.19753 1.0961 0.62232 -0.58167 0.17302 -0.45415 0.59166 -0.14822 0.56867 0.20048 0.27277 0.17807 1.2968 0.22964 0.97868 0.84602 -0.40526 0.23292 0.73632 1.1011 -0.006811 0.24738 0.59808 -0.45748 0.32101 -0.74515 -1.1374 0.51221 -0.49431 -0.22843 0.82995 -0.29083 0.24163 -0.32229
refresh 0.19795 -0.017537 0.76459 -0.97118 -0.1236 -0.45429 0.66478 -0.3771 0.25343 0.73408 0.37709 0.23014 0.21981 -0.21596 -0.083763 0.87198 -0.92393 -0.10864 0.78258 -0.72875 0.035754 0.069086 0.1173 0.043303 0.74598 0.82459 -0.77526 -0.30731 0.74136 0.38709 0.75572 1.175 -0.91835 0.13758 -0.0017534 0.2207 0.089761 -0.31259 0.27904 -0.77901 0.20406 -0.53678 -1.0324 0.029088 -0.32013 0.13207 1.7328 -0.39829 0.0018555 -0.054946
reestablish 0.35384 -0.3553 -0.49489 -0.0059003 0.026957 -0.40007 0.56248 1.052 0.40894 -0.20274 0.92031 0.84906 -0.13595 0.23491 -1.5327 0.73004 -0.3744 -0.72447 1.541 0.6356 -0.05272 0.39216 -0.54957 -0.16352 0.099318 -0.46799 0.43749 -0.61931 1.12 0.042465 0.56326 0.75565 -0.96936 -0.40892 -0.67056 0.35842 -1.0451 -0.052309 -0.12403 -0.0085565 0.34549 -0.89817 0.26999 0.11561 -0.53149 -0.06289 0.34895 -0.062559 -0.094149 -0.61927
reboot 0.44154 -0.40247 0.71081 -0.19758 -0.29492 0.36031 0.30167 -0.41512 0.27364 0.33119 0.082136 0.85039 -0.6949 1.407 0.53119 -0.15074 -0.70088 0.57126 0.15819 0.59325 0.075675 -0.46075 -0.069499 0.52118 0.39673 0.30427 -0.81113 -0.36537 0.68325 -0.071065 0.46133 0.61639 -0.51741 0.26276 -0.4685 0.82972 0.20866 -0.60623 -0.070336 -0.76851 -0.38911 -0.41586 -1.0065 -0.13595 -1.4844 0.71094 1.0753 0.018096 -0.14351 0.29709
camcorder -0.62709 -0.92734 1.2874 0.10116 0.18041 -0.20958 0.61268 -0.41485 0.36413 1.4162 0.55207 -0.53111 0.08587 0.8189 0.029255 0.71898 -1.1754 0.30586 0.44502 -0.034755 0.65604 0.6011 -0.21965 0.66149 -0.15779 -0.12347 -1.0747 0.020026 0.69135 -1.2844 0.12138 0.095371 0.40363 0.24876 0.4843 0.57285 0.48419 0.0014576 -0.55072 -1.1071 1.1763 0.34536 -0.30935 0.21673 -0.52418 -0.43319 1.4444 -0.067961 -0.71057 0.26743
webcam 0.72974 0.12977 1.2485 0.27284 -0.14739 -0.20615 0.024489 -0.55093 0.55094 0.87255 0.10522 -0.76997 0.63626 0.46504 -0.16364 0.56195 -0.84174 0.468 0.39594 0.49365 0.45399 0.83922 -0.13754 0.95648 0.71109 0.16938 0.2608 0.16606 0.15344 -0.54929 -0.043592 0.20397 -0.18268 -0.6377 -0.39859 0.7664 0.33023 -0.2421 -0.74084 -0.56794 1.3251 -0.18175 -0.85395 0.79961 0.17566 -1.0571 1.0826 -0.64923 0.27325 -0.3544
camcorders -1.1626 -0.82958 1.7958 0.26822 -0.5088 -0.418 0.48449 -0.94145 -0.17705 1.6218 0.82798 -0.82432 0.37156 0.73709 0.076676 1.1058 -1.2376 0.18362 0.38212 -0.69394 0.53139 0.62187 -0.13851 0.44515 -0.2753 0.18049 -0.79214 -0.30143 0.38134 -1.1459 0.074304 0.51828 0.74353 -0.52176 0.78494 0.51362 0.43546 -0.12758 -1.339 -0.82869 0.63119 0.39784 0.37297 0.64145 0.27272 0.11948 1.0674 0.14408 -1.231 -0.43988
webcams 0.29716 -0.54407 1.7636 0.30039 -0.69542 -0.50347 0.044493 -1.0961 0.38492 0.83089 -0.27743 -0.61177 0.73089 0.36379 -0.12026 0.91368 -0.53569 0.29199 0.90759 -0.19807 0.38102 0.49667 0.52067 0.42999 0.4906 0.77004 0.36973 -0.1989 0.17361 -0.83639 -0.29818 0.58919 -0.17979 -0.67783 0.09382 0.84336 0.55605 -0.050573 -1.082 0.24475 0.26638 0.15208 -0.50185 1.0952 0.31651 -0.11422 0.18255 -0.592 -0.46748 -0.43706
enumerate 0.4207 -0.78797 -0.10598 0.042887 0.11996 0.076907 0.67838 0.030679 0.0057492 -0.29623 -0.36646 0.42704 0.61146 -0.18623 0.60356 0.24748 0.29896 -0.73104 0.93314 -0.4741 -0.1861 -0.75875 0.95084 0.25679 0.81249 0.71184 -0.70386 -0.55605 0.34498 -0.92362 -0.85743 0.40259 -0.56907 -0.36945 -0.03067 0.13292 -0.075429 0.28818 -0.69399 0.6195 -0.40292 -0.25063 0.48348 0.78156 -0.59225 0.084984 0.47708 0.32918 -0.078854 -0.19867
uninstall 0.14755 -0.63982 1.036 -0.037585 -1.5664 0.57925 -0.53762 -0.93836 -0.084172 0.52101 -0.058595 0.4633 0.53432 1.2906 0.44212 0.58677 -0.043807 0.73226 1.1976 -0.61931 -0.063214 0.32127 -1.2572 0.5252 0.69249 0.31132 0.43298 0.048008 0.89392 -0.96405 -0.1923 -0.20017 -1.7854 -0.49706 -0.39805 0.91057 1.0197 -0.20314 0.45788 -0.87521 0.49068 -0.18704 0.3425 0.33661 -0.82038 0.43485 1.0184 0.44054 0.31145 1.1968
repossess 1.178 -1.0951 1.1333 -0.14543 0.39918 0.13753 -0.487 0.57158 0.14406 0.087369 0.37972 0.66592 0.40275 -0.0059853 -0.54897 1.0231 -0.14548 -0.56866 1.1801 -0.48591 0.12222 0.22949 -1.1879 -0.26572 -0.25443 0.8412 0.24329 -0.14268 1.4994 -0.86474 -0.48504 0.44524 -0.4145 0.78192 0.53097 0.7879 0.12928 -0.77123 -0.18348 -0.50072 0.19075 -0.77841 0.51208 0.35607 -0.7869 -0.41083 -0.47448 -0.46218 0.48935 -1.077
rebooting -0.13739 -1.4491 0.39735 -0.86912 -0.18879 -0.10522 0.53701 -0.49934 0.14807 0.23751 0.20454 0.59362 -0.80129 0.77987 0.31106 0.1629 -1.0289 0.58402 0.53928 0.021719 0.68988 0.10995 -0.44611 0.1015 0.69674 0.38431 -0.0076571 0.11174 1.4513 -0.047611 -0.34841 0.11785 -0.16613 0.28032 -0.44625 0.64847 0.1088 -0.078383 0.15954 0.30949 -0.058526 -0.81909 -0.052274 1.0741 -0.73073 0.1791 1.1416 0.18015 0.051072 -0.20561
reawaken 0.31091 0.080934 -0.10744 -0.79038 -0.13423 0.25622 0.10117 0.4771 -0.28116 0.68452 0.44354 0.2807 0.56554 0.10951 -0.07811 1.006 -0.36392 0.12176 0.58283 -0.03047 0.25617 -0.45828 -0.66067 -0.065004 0.063459 0.013595 -0.41272 -0.15685 0.80553 0.055273 -1.1407 1.2953 -0.58988 -0.50603 -0.29844 0.010736 -0.97285 -0.60837 0.42028 -0.31419 -0.44427 -0.68521 -0.5929 0.42419 0.39189 0.46837 0.83179 0.43762 -0.62076 -0.4577
screenshot 0.047239 0.35183 0.38164 -0.026566 0.55334 -0.52926 0.20867 -0.32999 0.54958 0.61687 -0.1367 -0.51411 0.64389 0.24757 0.11585 -0.30799 -0.31906 -0.61537 0.11781 0.17676 -0.20964 -0.65128 -0.83511 0.099242 0.26688 1.0146 -0.38365 0.41568 0.40291 -0.1823 -0.28843 -0.022768 0.12721 -0.81162 -0.28075 0.86961 0.64205 -0.49338 -0.38586 -0.56121 0.63192 -0.34794 -1.2093 0.50213 -0.69052 -0.88811 1.2658 0.26252 0.71737 -0.099467
reanimate 0.43457 -0.75138 0.7087 -0.36289 0.88281 0.27967 0.36691 0.77226 0.36041 0.40913 0.46917 0.46832 0.46164 0.79728 -0.13242 0.55423 -0.10055 -0.077902 0.75187 0.090874 0.23091 -0.21046 0.36974 0.00036122 0.68734 0.61781 -0.45545 -0.30572 0.23239 -0.69717 -0.90333 0.34623 -0.3476 0.067932 0.25099 0.84471 -0.092486 -0.40689 -0.20695 -0.43973 -0.64612 -0.84194 -0.45269 -0.36096 0.030062 -0.15586 0.48077 -0.1215 0.20128 -1.0544
keyloggers -0.28764 -1.1967 0.44487 1.0653 -0.45907 -0.40129 0.12619 -0.53543 -0.21281 1.2538 0.40197 0.45883 0.96237 -0.15515 -0.27464 0.2145 -0.33596 1.0312 0.24338 0.063862 -0.4107 -0.668 -0.36038 -0.082656 0.25588 0.80977 0.18496 -0.31052 1.1892 -0.82647 -0.8971 0.25797 0.34467 0.20325 0.55098 0.84107 -0.20029 0.2788 -1.0204 0.1434 -0.07717 -0.42522 0.1086 0.92415 0.68526 0.53813 -0.16061 0.58235 -0.061342 -0.30691
uninstalling 0.19931 -1.3262 0.17396 -0.55546 -1.0704 0.16494 -0.18462 -0.97441 -0.37549 1.1808 -0.34086 0.22651 -0.18614 0.15626 0.74985 -0.046486 0.1973 0.39115 0.48145 -0.31874 0.22565 0.46254 -1.1964 -0.26015 -0.0036095 0.93284 0.85888 -0.12492 1.3184 -0.72716 -1.0412 0.013654 -1.4569 -0.57428 -0.73021 0.93225 0.14227 -0.70928 0.7359 0.043185 -0.20807 -0.50162 0.22081 0.58822 0.11094 0.2401 0.64556 0.11632 0.19415 0.01477
keylogger -0.054517 -0.1499 0.82571 -0.022259 -0.5589 0.41411 -0.25331 -0.46205 0.24498 0.7325 -0.1125 -0.016656 0.9898 0.98856 -0.56572 -0.23038 -0.25362 0.63672 0.69805 -0.1032 -0.82494 -0.88964 -0.28073 -0.40241 0.20156 0.77724 -0.080255 -0.18841 0.51554 -0.14256 -0.66622 -0.38671 -0.8033 0.064958 0.64667 0.87691 0.27543 0.22472 -0.24157 -0.10636 -0.47392 -0.70851 -0.84213 0.67439 0.74898 -0.35578 0.80407 0.59123 -0.22454 0.37402
